3,2
3,1
3,3
10,79
10,73
10,205
10,29
10,185
10,35
10,247
10,2
10,3
8,9
8,4
8,8
8,11
55,3
55,2
55,1
55,0
54,3
54,2
54,1
54,0
53,4
53,3
53,2
53,1
8,6
53,0
52,5
52,4
52,3
52,2
52,1
8,14
52,0
51,4
51,3
51,2
51,1
51,0
8,7
8,2
8,3
49,5
49,4
49,3
49,2
49,1
49,0
46,5
46,4
46,3
46,2
46,1
46,0
44,5
44,4
44,3
44,2
44,1
44,0
35,5
35,1
32,3
32,1
12,3
12,2
12,1
11,29
11,28
11,27
11,26
11,25
11,24
11,23
11,22
11,21
11,20
11,19
11,18
11,17
11,16
11,15
11,14
11,13
11,12
11,11
11,10
11,9
11,8
11,7
11,5
11,4
11,3
11,2
11,1
10,306
10,293
20,2
20,1
20,3
10,221
19,2
19,1
10,201
